function cityLocation = LoadCityLocations1

cityLocation =  [2 8.5; 4 18.1; 6 4; 8.9 16; 10 10; 16 2; 16 18.7; 18 10; 17 4; 18 19.5; 12 8.4; 14 6; 16.6 8; 18.8 16; 4 14; 16.5 14.2; 12 19.3; 6 8; 12.2 12; 8 2];

end
