function bestPath = BestResultFound()

  bestPath = [32 29 30 26 23 19 16 22 25 18 12 6 3 7 8 13 1417 20 28 36 40 48 46 47 44 45 50 49 43 42 39 41 37 38 35 27 15 9 1 5 4 2 10 11 21 24 31 34 33];

end