function cityLocation = LoadCityLocations1

cityLocation =  [2 8; 4 18; 6 4; 8 16; 10 10; 16 2; 16 18; 18 10; 19.5 4; 19.7 19.1; 12 8; 14 6; 16 8; 19.3 16; 4 14; 16 14; 12 19; 6 8; 12 12; 8 2];

end
